thomas% mpirun -q -np 4 blah
how big is the array:
128
INITIAL ARRAY:
40 19 38 25 11 48 14 27 45 27 42 29 49 43 37 49 4 23 17 30 2 22 19 15 17 41 10 30 46 13 13 36 32 2 11 46 2 27 23 47 7 17 28 6 10 15 6 14 40 25 44 45 49 16 10 16 9 23 48 5 36 12 43 21 16 6 17 18 36 40 17 43 10 45 49 20 12 7 37 4 35 33 49 34 49 12 3 10 37 1 17 23 15 10 46 31 19 15 1 5 8 18 48 18 15 49 38 27 9 27 32 46 11 33 32 12 47 35 23 34 39 42 10 4 5 6 38 24


Sorted array:
1 1 2 2 2 3 4 4 4 5 5 5 6 6 6 6 7 7 8 9 9 10 10 10 10 10 10 10 11 11 11 12 12 12 12 13 13 14 14 15 15 15 15 15 16 16 16 17 17 17 17 17 17 18 18 18 19 19 19 20 21 22 23 23 23 23 23 24 25 25 27 27 27 27 27 28 29 30 30 31 32 32 32 33 33 34 34 35 35 36 36 36 37 37 37 38 38 38 39 40 40 40 41 42 42 43 43 43 44 45 45 45 46 46 46 46 47 47 48 48 48 49 49 49 49 49 49 49


thomas% mpirun -q -np 4 blah
how big is the array:
4
INITIAL ARRAY:
40 19 38 25


Sorted array:
19 25 38 40


thomas% mpirun -q -np 4 blah
how big is the array:
128
INITIAL ARRAY:
15 24 15 7 30 3 20 28 42 2 6 13 8 39 37 15 9 40 46 49 45 30 31 25 49 44 14 13 49 9 40 14 33 7 23 16 10 45 46 4 47 3 19 5 44 9 20 3 49 19 5 44 1 36 19 2 31 36 15 32 45 7 48 30 16 21 48 27 16 45 31 15 0 3 22 44 12 45 48 11 16 5 7 17 43 29 20 26 15 37 8 10 47 8 42 13 31 41 42 49 36 26 14 36 29 39 32 41 34 32 4 0 37 11 19 31 42 39 7 7 29 18 19 26 26 12 41 8


Sorted array:
0 0 1 2 2 3 3 3 3 4 4 5 5 5 6 7 7 7 7 7 7 8 8 8 8 9 9 9 10 10 11 11 12 12 13 13 13 14 14 14 15 15 15 15 15 15 16 16 16 16 17 18 19 19 19 19 19 20 20 20 21 22 23 24 25 26 26 26 26 27 28 29 29 29 30 30 30 31 31 31 31 31 32 32 32 33 34 36 36 36 36 37 37 37 39 39 39 40 40 41 41 41 42 42 42 42 43 44 44 44 44 45 45 45 45 45 46 46 47 47 48 48 48 49 49 49 49 49

